 87.267670	 87.267670	 87.360329	 87.445038	 87.510338	 87.546860	 87.546860	
 87.267670	 87.354607	 87.447273	 87.531982	 87.597282	 87.633797	 87.546860	
 87.360329	 87.447273	 87.538338	 87.620491	 87.682938	 87.717278	 87.630318	
 87.445038	 87.531982	 87.620491	 87.698616	 87.756714	 87.787842	 87.700897	
 87.510338	 87.597282	 87.682938	 87.756714	 87.810242	 87.838013	 87.751068	
 87.546860	 87.633797	 87.717278	 87.787842	 87.838013	 87.863312	 87.776360	
 87.459915	 87.546860	 87.630318	 87.700897	 87.751068	 87.776360	 87.689423	
